1.934151236150511224e-02
-0.000000000000000000e+00
-2.863349750373120686e-03
-0.000000000000000000e+00
1.183195250447877621e-02
-0.000000000000000000e+00
4.730325198672401948e-03
3.075043767468379347e-02
-1.278979887473942825e-02
2.468533219127480582e-02
3.418114073401293251e-02
2.484927462058658665e-02
1.567989832177555873e-02
1.740151781673381429e-02
1.519857344082395714e-02
1.738659138029254383e-02
1.522336108210592051e-02
1.740527135163100203e-02
1.523259967424604386e-02
1.740858220490221903e-02
1.958041019483384645e-02
2.174610150382935356e-02
2.390297077581543181e-02
2.604737037842377520e-02
2.817435614580918180e-02
3.027726103117801132e-02
3.234714106468179751e-02
3.437206589345270791e-02
3.633622587694104733e-02
3.821880922937216651e-02
3.999264584086940910e-02
4.162260262210638884e-02
3.896244992486244674e-02
4.023594555550415869e-02
3.728951244386818215e-02
4.046341850179532157e-02
4.090635361359860195e-02
4.075927208069939772e-02
3.994702846450198103e-02
3.835675769825024756e-02
3.301754370235333857e-02
2.997625470536502759e-02
2.601525706501704033e-02
2.117715347721060848e-02
1.557595182413801238e-02
8.720695681853584541e-03
2.652444796835255227e-03
-3.558097804129866509e-03
-9.700799927424681723e-03
-1.560382676513354799e-02
-2.114581484226593644e-02
-2.625676121976176086e-02
-3.091111766532310401e-02
-3.305057938503582621e-02
-3.667865979789322606e-02
-3.995826171768821627e-02
1.298709110352386231e-02
-2.153508136610160625e-04
-1.134075752401494941e-02
5.129787184656989241e-02
1.274827176691179509e-01
8.130823305910929444e-02
4.758283774075423855e-02
2.345907495582251825e-02
1.518598949857226654e-01
9.760637709744326984e-02
5.844606087348384188e-02
3.100911098395801174e-02
1.119493784388934064e-02
-3.551109820581856147e-03
-1.482638990787591912e-02
-2.365745433167631973e-02
-3.072526216470937432e-02
5.705391495817983827e-02
2.605045778838559895e-02
3.952248045414889083e-03
3.045837996202118564e-02
-1.872085672685482082e-03
2.403324971762910156e-01
1.334249262209535603e-01
2.959967179985164565e-01
1.152968187958887253e-01
4.496082417349052396e-02
1.077039808436669986e-02
-9.153254053132012236e-03
-2.216855773148612707e-02
-3.135888022887549365e-02
-3.822910596500746216e-02
-3.198594494493168378e-02
-4.265127997048907826e-02
-3.307157168690740695e-02
-4.680612962409445160e-02
-5.256468193687997836e-02
-5.612258716372786616e-02
-5.877873155308727116e-02
-6.097902778426590037e-02
-6.292116224977091499e-02
-6.470614723469643448e-02
-6.628970712687995426e-02
-6.886105060891087315e-02
-7.012144469865717877e-02
-7.339774590890109363e-02
-7.483840427454650779e-02
-8.374876917830623158e-02
-8.043946160522939814e-02
-1.115030441964130203e-01
-8.677100842837354167e-02
-3.251736425074011616e-01
-9.352035664550686911e-02
-8.639574563194821200e-02
-1.114121952327319504e-01
-9.265614598387415801e-02
-8.873230969949683078e-02
-8.791532873656748848e-02
-8.812826645767402045e-02
-9.385084602087757910e-02
-9.351927832387693651e-02
-1.083480177202473943e-01
-9.991007678800907510e-02
-1.508132400471501600e-01
-1.070815931516317515e-01
-1.009313899400175463e-01
-1.230961766090837017e-01
1.201562289695496499e+00
-1.367650237548676262e-01
-1.102004802681176288e-01
-2.010294251339806160e-01
-1.154653051476565162e-01
-1.075663340528503209e-01
-1.056058038198167959e-01
-1.171899327853843237e-01
-1.122051610821682560e-01
-1.097815096377501021e-01
-1.071854445302145159e-01
-1.075214792301043415e-01
-1.082655927990974071e-01
-1.134898020350101483e-01
-1.141843871982756026e-01
-1.267950237508537747e-01
-1.213493806894452576e-01
-1.186542002657074574e-01
-1.180260620575790537e-01
-1.271334313996005660e-01
-1.226875219585721183e-01
-1.210037030542543551e-01
-1.207462718583093286e-01
-1.190241337338718425e-01
-1.176799018184247064e-01
-1.186955489778383777e-01
-1.198530128871067302e-01
-1.211089559360379320e-01
-1.256529091719485458e-01
-1.272529422618423889e-01
-1.375099806804164215e-01
-1.348144576451465737e-01
-1.305329754978186707e-01
-1.301175724841457382e-01
-1.304433742818255082e-01
-1.311691693717723650e-01
-1.321369380073056099e-01
-1.332627901872848186e-01
-1.322933027282062468e-01
-1.336043477719415229e-01
-1.349732611653617631e-01
-1.399385617526509862e-01
-1.416528350804042158e-01
-1.419020202179606116e-01
-1.425406232899210646e-01
-1.434500971050236828e-01
-1.445361402937638540e-01
-1.485103953167481727e-01
-1.495752523356737584e-01
-1.612798504375850539e-01
-1.561646416755578803e-01
-1.529744925450426674e-01
-1.519562998653239960e-01
-1.519347695691258548e-01
-1.617133902338024620e-01
-1.603495928400275050e-01
-1.843021764083921099e-01
-1.706125192358853848e-01
-1.648388112622819757e-01
-1.604286567650634043e-01
-1.599255885858584247e-01
-1.601568845378300576e-01
-1.608058663136793520e-01
-1.617160946062926319e-01
-1.694619436909999277e-01
-1.700197374328301092e-01
-1.692629187867736307e-01
-1.693051344964572880e-01
-1.674782513920916316e-01
-1.683170164838452276e-01
-1.742430779599745128e-01
-1.745824829509150522e-01
-1.736609902537408767e-01
-1.874362706030761605e-01
-1.836378210112799558e-01
-1.780982364754135072e-01
-1.770223535273473536e-01
-1.769198677595605618e-01
-1.773578505644379799e-01
-1.781264363788566396e-01
-1.791123337719198183e-01
-1.802481811060759054e-01
-1.814915586766293054e-01
-1.828145149861815366e-01
-1.841972872177733422e-01
-1.856262180912729987e-01
-1.870909307149939416e-01
-1.885837872096722267e-01
-1.900990477464945261e-01
-1.977886509065582554e-01
-2.233785193247833645e-01
-2.132394507885268797e-01
-2.073764190021240572e-01
-2.049860589515121179e-01
-2.041619637019634614e-01
-2.041604571507451837e-01
-2.046437470396730574e-01
-2.054362445597752163e-01
-2.064378559618610942e-01
-2.075864961048784763e-01
-2.088422968649012446e-01
-2.077195614279085389e-01
-2.091136186496112270e-01
-2.105538579983277925e-01
-2.198063407495775834e-01
-2.209776281133897236e-01
-2.203291747656448973e-01
-2.203562324487146618e-01
-2.345940762788071288e-01
-3.050850147771506649e-01
-2.562153907437739186e-01
-2.386647445405897239e-01
-2.927677640046112972e-01
-2.522120410042570926e-01
-2.365842685369085596e-01
-2.315177285652603445e-01
-2.293542074753319726e-01
-2.285790127059740273e-01
-2.285745212588096154e-01
-2.435136303876402897e-01
-2.412052396842251645e-01
-2.382314850775771597e-01
-2.622578348235522494e-01
-2.527729802494608213e-01
-2.438493088580908630e-01
-2.410810560100029309e-01
-2.399644366951040886e-01
-2.397484373521464596e-01
-2.400762454083865682e-01
-2.382085778080890170e-01
-2.518323750514943615e-01
-2.509475140918990821e-01
-2.788848640918318300e-01
-2.642932752511568117e-01
-3.433621793916521447e-01
-2.834573350657969004e-01
-2.657883278751026479e-01
-2.588605427278359294e-01
-2.557588181861537024e-01
-2.518276512587392379e-01
-2.694148788409913564e-01
-2.638678185840428458e-01
-3.121972700931200384e-01
-2.820896938935831821e-01
-4.188363918108797823e-01
2.453661189202618775e+00
-4.391495102138593398e-01
-3.042117724438387349e-01
-2.810743813157032811e-01
-3.603968398294764564e-01
2.447271632804585817e+00
-3.959590605477942282e-01
2.487172345567269627e+00
-4.067645008691472275e-01
-3.098163537931570843e-01
-2.893454796143658525e-01
-2.814039259313380059e-01
-2.751239662970629829e-01
-2.735255184413266094e-01
-2.703877269311848464e-01
-2.705199871807082435e-01
-2.880301195551263072e-01
-2.854875441763722321e-01
-2.819948530123508879e-01
-2.777004588850533473e-01
-2.745218714623717249e-01
-2.746315629955030646e-01
-2.751591703138695499e-01
-2.919193800319820897e-01
-2.901901545137626215e-01
-3.281663347331048031e-01
-3.093378578362054321e-01
-2.988541026852962190e-01
-2.912669550709163779e-01
-3.242917024338723975e-01
-3.098743739451784163e-01
-3.925712146858703622e-01
-3.326398317607882626e-01
-3.125772447085352068e-01
-3.015089652918706009e-01
-2.976142850996534306e-01
-2.957797599908510433e-01
-2.950833170722235721e-01
-2.924332568421161294e-01
-2.928885042718601950e-01
-2.936496100455002201e-01
-2.946273932689060793e-01
-2.957633590143153857e-01
-2.943886633787480278e-01
-2.957312878400932821e-01
-2.971419451744723439e-01
-2.959742490395820269e-01
-2.948445720707659756e-01
-2.963776730005143745e-01
-3.118285394452677273e-01
-3.120352962874076708e-01
-3.101162529205804264e-01
-3.092705679368102922e-01
-3.333247929154630196e-01
-3.277133364235949031e-01
-3.833786827388274698e-01
-3.510533383052932277e-01
-3.356300827943878851e-01
-4.011865959584546282e-01
-3.568871607095907561e-01
-3.392234650477687352e-01
-3.312661996877808157e-01
-3.273088015790847072e-01
-3.586591929771690279e-01
-3.455379702838642375e-01
-4.281047317551510689e-01
-3.715845847476991759e-01
-6.091310210501944544e-01
-4.016000320826942915e-01
-3.630069437206919769e-01
-3.486927457582833512e-01
-3.419649076873158000e-01
-3.850920666566610695e-01
-3.650378849751139132e-01
-3.529829641465351830e-01
-4.115234217482135470e-01
-3.781010538726470860e-01
-3.616800549031051748e-01
-3.511351169110527581e-01
-3.472395203137057518e-01
-3.831600025595401915e-01
-3.697198732256748444e-01
-3.600837458498928889e-01
-3.551406339460152495e-01
-3.498312851871503426e-01
-3.486626511924652005e-01
-3.483235491524205307e-01
-3.485295979734955862e-01
-3.491104804682242380e-01
-3.691598332034080610e-01
-3.663186113031893787e-01
-3.620014868126316676e-01
-3.978998939639576959e-01
-3.829136782205804224e-01
-4.757894995856450926e-01
-4.124491247087593848e-01
-6.745442705282747031e-01
-4.431790170248633420e-01
-3.994286956650863196e-01
-3.829457511590978469e-01
-4.557375709328421731e-01
-4.113814703822754604e-01
-3.911186816443687486e-01
-3.816568255348922745e-01
-3.767646681689564847e-01
-3.741974505327874678e-01
-3.729690777483737896e-01
-3.698187520263109818e-01
-3.699931625290404091e-01
-3.678051017121898303e-01
-3.686394878568043931e-01
-3.696729699314629802e-01
-3.708555222701356846e-01
-3.939395041190085212e-01
-3.920611302782051055e-01
-3.881685395523482573e-01
-3.832326730493517131e-01
-3.822697115954298286e-01
-3.820429241346192661e-01
-3.795450211677542374e-01
-3.774093596497581915e-01
-3.782947342136147584e-01
-3.793657373345036277e-01
-4.039403234012586830e-01
-4.861351146047717675e-01
-4.411314533365718882e-01
-6.401875253851946335e-01
-4.784184053340733711e-01
-4.364331058310241818e-01
-4.164442751406302601e-01
-4.945637650155167986e-01
-4.482640264120205109e-01
-4.262022171797952841e-01
-4.126940175719884252e-01
-4.738252782821744669e-01
-4.429375551912681508e-01
-4.225160254121150816e-01
-4.138015016975533644e-01
-4.090989799535616478e-01
-4.065542534646440220e-01
-4.052972348339323183e-01
-4.020546166678573563e-01
-4.021904068397931242e-01
-4.027149783343929590e-01
-4.315202184480320668e-01
-4.272726490909185548e-01
-4.216197857344284872e-01
-4.711516586771737902e-01
-4.512385716256938073e-01
-5.688559576116989369e-01
3.075684385237991147e+00
-6.334540003740842806e-01
-4.993030220739516634e-01
-4.630114827974806668e-01
-4.472249029752044525e-01
-5.260927415950601427e-01
-4.816363984819930222e-01
-4.590887559426066189e-01
-5.574175289576375203e-01
-4.956445114617449854e-01
-7.548049251162123330e-01
-5.390199465570434390e-01
-4.872445413866327568e-01
-4.665119804010211535e-01
-4.561559641660934972e-01
-4.475780215665038364e-01
-4.444407059844549535e-01
-4.427835981694873135e-01
-4.420734485010512360e-01
-4.391685465070871985e-01
-4.395509656361591411e-01
-4.402541252308772024e-01
-4.411939791880604700e-01
-4.423114412940670204e-01
-4.435643449377351666e-01
-4.449212551249376313e-01
-4.463591389939842169e-01
-4.478602116282900947e-01
-4.494109963707287325e-01
-4.791546360869864962e-01
-4.765382809366822126e-01
-5.411409911488065383e-01
-5.121084785835758879e-01
-4.938098376939066281e-01
-4.920042828243288424e-01
-4.920194140678066375e-01
-5.063859098041271212e-01
-1.563105923528372299e-01
-9.928318820921391841e-02
-5.222502581546745182e-02
-2.423816771096595074e-02
-5.466859398416947999e-03
-4.703799347734870240e-03
-2.629240326502380390e-03
-5.019004710372040358e-04
3.300931749080179833e-02
3.494032775503792820e-02
-1.314722030305954560e-02
-3.166182458356125648e-03
-3.331172751787970371e-02
-8.811744239516169919e-02
-1.018988464886608214e-01
-1.394894066558825807e-01
-1.935743980010594112e-01
-2.595730602515871066e-01
-2.955610812238190221e-01
-3.449940949954696801e-01
-4.019998882846503863e-01
-4.686207373494010731e-01
-5.378993354282500805e-01
-6.142505920635966676e-01
-6.897601890838789274e-01
-7.497939242536271198e-01
-8.151739327808382729e-01
-8.845878566936773435e-01
-9.401443224315633174e-01
-1.001159540047742214e+00
-1.066552620838510324e+00
-1.121741708029091011e+00
-1.169840066310464000e+00
-1.228432768282361920e+00
-1.279377303461183502e+00
-1.342136139350845525e+00
-1.409148883733972291e+00
-1.469971079540560499e+00
-1.535362283257351912e+00
-1.602921943279197459e+00
-1.644427180009117029e+00
-1.882783298275639616e+00
-1.858323506750020337e+00
-1.883706933486405388e+00
-1.890675463388119315e+00
-1.867217483996176597e+00
-1.823440694102010262e+00
-1.726073116308328714e+00
-1.577309630940056051e+00
-1.382471780721949983e+00
-1.161388807381344090e+00
-9.407626586199785423e-01
-6.819291321033936759e-01
-4.263824468393975775e-01
-1.503100550037194116e-01
1.321054914480120634e-01
4.072786906761347581e-01
6.706138285791740650e-01
9.162052804822945484e-01
1.147033529729855283e+00
1.363087338044219443e+00
1.561288862490559426e+00
1.743334596038164541e+00
1.910756533659777823e+00
2.067651538032282410e+00
2.229767164891506503e+00
2.381128726563225495e+00
2.526977675600444062e+00
2.666922326593201831e+00
2.809398587934194502e+00
2.941447109703951845e+00
3.046195651678369476e+00
3.157640600503306416e+00
3.260533864544501004e+00
3.355014921592270660e+00
3.441048037687264749e+00
3.499147195591738591e+00
3.567714803649096211e+00
3.626999778171322131e+00
3.675476891078721664e+00
3.712268265015268298e+00
3.738721682342420749e+00
3.760475300210278427e+00
3.768522599097925418e+00
3.763211023633349583e+00
3.748104502203690291e+00
3.709911731832753912e+00
3.657039426518691183e+00
3.611615891903920961e+00
3.552058301636378257e+00
3.481759756277727380e+00
3.409316315388095653e+00
3.334758253866818567e+00
2.667312570235322866e+00
2.619840023830890985e+00
2.567524929556753044e+00
2.504287007501145190e+00
2.421378188569039747e+00
2.332641836024333504e+00
2.249285012798627914e+00
2.157682205985862023e+00
2.058000940936634215e+00
1.948324495217717223e+00
1.819735443733747848e+00
1.689061096164704567e+00
1.537687702232586773e+00
1.382332069226257287e+00
1.212394784468795006e+00
1.023055287081431119e+00
9.680332631701192847e-01
7.137377718274241500e-01
4.322533126115734037e-01
1.371026581585827464e-01
-1.740907232657795956e-01
-4.989136022128982106e-01
-8.351704404615143407e-01
-1.179415936137338861e+00
-1.517836528177401112e+00
-1.839870537357023661e+00
-2.127269651413418394e+00
-2.363789003578335102e+00
-2.536511780543320160e+00
-2.634217255081119813e+00
-2.652620822297599545e+00
-2.595565953472307008e+00
-2.472204376989656005e+00
-2.294588832677793011e+00
-2.075504378691007012e+00
-1.825219115724213026e+00
-1.546514563181566659e+00
-1.265206079235059899e+00
-9.784350985309957505e-01
-6.904469647827879974e-01
-4.042742904764513590e-01
-1.207618398389243147e-01
1.577595005579975895e-01
4.301226661165575837e-01
6.938445579765875060e-01
9.506310720088412269e-01
1.202455223921852889e+00
1.450273416207745303e+00
1.694082223068865023e+00
1.934413426727518814e+00
2.169917165591420449e+00
2.399677515608048317e+00
2.623338988516898063e+00
2.840368675372330731e+00
3.049816551206374182e+00
3.250706262394911228e+00
3.441995976975969374e+00
3.622123207508240128e+00
3.791455183094254000e+00
3.949325058587343396e+00
1.560292067483771472e+00
1.937534495128668155e+00
2.299983679326313535e+00
2.660985195524638858e+00
3.001444696939503665e+00
3.315543395629627188e+00
3.598776501811814299e+00
3.847272970524459268e+00
4.062900704872596691e+00
4.243150692284274328e+00
4.370607277743565611e+00
4.488295639102839907e+00
4.582486566262541139e+00
4.659464677168416280e+00
4.704758536988534523e+00
4.766956978928826416e+00
4.831015752382500139e+00
4.903311296612516301e+00
4.988086490902540859e+00
5.085744372290146309e+00
5.194983167393798951e+00
5.314243463131576029e+00
5.440600281700249674e+00
5.568345601780396947e+00
4.164118394705253579e+00
4.075659312224633624e+00
3.989789786673989536e+00
3.893419289316297771e+00
3.790572353579033660e+00
3.666671724569696256e+00
3.553110497647328003e+00
3.415427490571226077e+00
3.274203486191166856e+00
3.324961377178891730e+00
3.228644188237927981e+00
3.147984662609995432e+00
3.071772235559755870e+00
2.992012249513277933e+00
2.938056039758254911e+00
2.903122079822649138e+00
2.894503212989654628e+00
2.913801973245983667e+00
2.965983788862284420e+00
3.055031728105037647e+00
3.169789590063262885e+00
3.325124076031190867e+00
3.530000775159851223e+00
3.768072374177823924e+00
4.029528216752764180e+00
4.285890568179499205e+00
4.564576411365680819e+00
4.836431711452489957e+00
5.090884508480560733e+00
5.319292293906413782e+00
5.513461095164040593e+00
5.667594715910741598e+00
5.778984610140893707e+00
5.848028342269833146e+00
5.878665064790760120e+00
5.853937897694372339e+00
5.834571663645285788e+00
5.811065783387647343e+00
5.800548946742996925e+00
5.686719554964176915e+00
5.755099229298494379e+00
5.851551154851211578e+00
5.962304462601901278e+00
4.366148705925247064e+00
4.591972925819056250e+00
4.834110957913896556e+00
5.084997068780784168e+00
5.341000610150723915e+00
5.573325464960289466e+00
5.743782957473756667e+00
5.808405794876847494e+00
5.744005958559139202e+00
3.162549877192617487e+00
3.178637229700808753e+00
3.181829235205422268e+00
3.201865449860452628e+00
3.222950913423350716e+00
3.229358450332583175e+00
3.590295538842466883e+00
3.537694801949805345e+00
3.526158631677671629e+00
3.533039599581845103e+00
3.521268260089296831e+00
3.670167407555020134e+00
3.693100251984429594e+00
4.071851996649835215e+00
4.091980330378752306e+00
3.889305930812606782e+00
3.948505648955806357e+00
4.032694979885482311e+00
4.420682866992901694e+00
4.479608304007981268e+00
4.565559911702102625e+00
4.788459084054042414e+00
4.849331887470636815e+00
4.955587962059316176e+00
5.052818746814625506e+00
5.421775244978062069e+00
5.399647803427251702e+00
5.447498558248906164e+00
3.422367109730920731e+00
3.823854966314066406e+00
4.203131638124228076e+00
4.543340027141553605e+00
4.838132687306876178e+00
5.203018634540792497e+00
5.951386795811405506e+00
6.519012220909241151e+00
7.318830345590373376e+00
7.622338797757130635e+00
7.717012887716105496e+00
7.692341458147168076e+00
7.252947565107950467e+00
-5.380565503254787219e-01
-5.647937382772170306e-02
1.325023256547088302e+00
5.811206572343658117e+00
6.920695762566746012e+00
7.050604519582276630e+00
-1.293520528969037686e-01
1.026755303684958286e-02
-5.526003535485739943e-02
-1.168909715241989722e-01
-1.270211095325380346e-01
-1.345660034613192502e-01
-1.433286027477468361e-01
-1.533596235326207813e-01
-1.536546403318148901e-01
-1.552830737283097673e-01
-1.553517111845534593e-01
-1.574134115251230037e-01
-1.570550507774793880e-01
-1.926006788190671726e-01
-1.969171124068519740e-01
-1.965040626103268240e-01
-2.642721485787752900e-01
-3.478472764706252995e-01
-4.466200790651106978e-01
-5.564360402825870855e-01
-6.655391035434554681e-01
-7.585533137917417346e-01
-7.987162464322000721e-01
-7.410538883253590114e-01
-5.514859425299877271e-01
-3.063838113926344309e-01
-5.724559753698030828e-01
-2.049810986269592905e-01
9.662112817468189174e-01
-3.385133786744471407e-01
1.482781407831085030e+00
-5.201651937558824379e-01
7.461347804664946182e-01
1.468837976625782638e+00
2.964527597673359161e+00
1.165209521329579667e+00
3.383775012870284815e+00
5.006366988981445942e+00
2.835603362378345427e+00
2.607833758570050620e+00
4.291214153189724101e+00
2.108780303727170846e+00
-3.243816624065998244e-01
2.834989488942784241e+00
-5.311728334144643071e-01
3.956024542882406347e+00
3.000674939404070596e+00
2.787932773656588203e+00
2.707805328813789103e+00
2.670655884687536119e+00
3.666286966906062705e+00
2.416999016594244765e+00
2.475550468125317316e+00
3.704824304854720474e+00
3.369443898832277906e+00
2.066823296935460519e+00
2.262072001513597108e+00
3.511661652348751606e+00
1.961431249798942567e+00
2.236270534674945853e+00
2.395341198702596319e+00
2.490243587312952922e+00
2.554286360076231333e+00
3.470454731514802216e+00
2.332396460900368229e+00
2.458323688261629059e+00
3.625121890095214905e+00
2.169149884012319784e+00
2.389827262868929658e+00
2.524142900653412180e+00
3.650757912538951544e+00
4.652873408224331264e+00
3.391559782766505826e+00
3.132872137887563913e+00
4.376864205768391081e+00
2.761817162038624041e+00
2.776745611832040161e+00
2.320180114787614656e+00
-4.421663918957324246e-01
-9.695111391413633317e-01
-1.136907864479989927e+00
-1.209489117349149323e+00
-1.252368154474114981e+00
-1.279512610039221343e+00
-1.310403818707062351e+00
-1.279934659490833182e+00
-1.296511139270641655e+00
-1.313547287356163995e+00
-1.285791693498119503e+00
-1.327227109113728432e+00
-1.330352042207865626e+00
-1.338038958602199235e+00
-1.339462401440352224e+00
-1.344136443944903281e+00
-1.347986214968397212e+00
-1.351316156337149854e+00
-1.354302569298416969e+00
-1.352429153194699696e+00
-1.355011197104170950e+00
-1.371204209711103461e+00
-1.354801736085383901e+00
-1.352646705796906268e+00
-1.356083448250982482e+00
-1.359503180963554714e+00
-1.362535787344401284e+00
-1.345546334558699098e+00
-1.376121578472322859e+00
-1.371391252174526176e+00
-1.390434010152624023e+00
-1.375392071992005416e+00
-1.371644189737756037e+00
-1.397782059750363404e+00
-1.375433814630303786e+00
-1.368945292620117549e+00
-1.375105133969181104e+00
-1.342075098620282070e+00
-1.394946179273647058e+00
-1.406230090524127618e+00
-1.387283701782685563e+00
-1.382942953060177782e+00
-1.389243248391709429e+00
-1.350657171892973851e+00
-1.411043558453498603e+00
-1.153270423191011584e+00
-1.056593762438209128e+00
-1.029840379757847924e+00
-1.009414351604414950e+00
-1.004634834635923291e+00
-9.991939140159418198e-01
-9.938051689069076211e-01
-9.943544603539616888e-01
-9.935987221863213925e-01
-9.899138084908533086e-01
-9.900636140254799322e-01
-9.898684428713855343e-01
-9.908649857051632370e-01
-9.917621107250761403e-01
-9.924619785580540698e-01
-9.929223533229398768e-01
-9.898714166031363781e-01
-9.896477185299310531e-01
-9.889317933043383357e-01
8.017895722355662613e+00
8.644715852946346146e+00
4.402081732220916699e+00
-9.344693958077685547e-01
-9.720823493132345616e-01
8.460468277827049022e+00
-2.837395345922562040e-01
-7.863943259436734223e-01
2.660969259318087254e-01
3.015939622897448658e+00
6.375445142727748760e+00
3.343037630136151961e+00
-1.030458332426661405e+00
-1.294827869337542348e+00
-1.442597257533950739e+00
-1.269460808148415110e+00
-1.485835090483164089e+00
-1.498160897119131807e+00
-1.279160683778103325e+00
-1.325793665089804785e+00
-1.351701541878627122e+00
-1.367182503575364638e+00
-1.267054336333427678e+00
-1.380874349581255656e+00
-1.625225396842994385e+00
-1.356783643722047294e+00
-1.381100265127860549e+00
-1.394425579552067695e+00
-1.402625854862810106e+00
-1.408832166176237077e+00
-1.414045003368598286e+00
-1.418688341479026782e+00
-1.422977640442883551e+00
-1.520041984789833878e+00
-1.398468640415495567e+00
-1.409659968962413190e+00
-1.418962288434598928e+00
-1.426017290433611917e+00
-1.431929108929536065e+00
-1.432759000891733248e+00
-1.437510408220959768e+00
-1.441945813417774058e+00
-1.446156899831849918e+00
-1.450205667214226057e+00
-1.368335816514726577e+00
-1.461916215287436316e+00
-1.475282805645766526e+00
-1.609848191774223558e+00
-1.446776384572129315e+00
-1.456490330784468989e+00
-1.464224151891617920e+00
-1.597218723671533613e+00
-1.424481723961418256e+00
-1.640294145741131304e+00
-1.375167955632472072e+00
-1.422877024677219993e+00
-1.639721247002210891e+00
-1.372235639093953186e+00
-1.422531590369937149e+00
-1.258102339861487007e+00
-1.341465826642255443e+00
-1.494551333159490403e+00
-1.509439988228887586e+00
-1.506422392691669110e+00
-1.663014398138441763e+00
-1.469552725026525231e+00
-1.478060445041259996e+00
-1.487248894263575760e+00
-1.356665284080997846e+00
-1.502434829590852061e+00
-1.521560664066905710e+00
-1.521073284984557850e+00
-1.521095237176050663e+00
-1.522302170553295975e+00
-1.524278306340376199e+00
-1.637803046201944612e+00
-1.497933853771056034e+00
-1.343388294077422440e+00
-1.511052146009702835e+00
-1.538029510534731026e+00
-1.539621636392509485e+00
-1.540863748796474697e+00
-1.542913626905106694e+00
-1.545504041844435683e+00
-1.663750312168262191e+00
-1.517430353954963840e+00
-1.526271366355506753e+00
-1.536375401224051807e+00
-1.543810947177324699e+00
-1.667402626923021547e+00
-1.509829528505595375e+00
-1.528081873379783850e+00
-1.541209540033033676e+00
-1.550510939112376141e+00
-1.676621916312235783e+00
-1.519993306209108885e+00
-1.540361946021786999e+00
-1.393087943521306826e+00
-1.557939744422421002e+00
-1.586684609437373883e+00
-1.590467365478536399e+00
-1.433619399089356428e+00
-1.601881967476901591e+00
-1.388202933031160713e+00
-1.473329218998496337e+00
-1.519697922582877725e+00
-1.372087349022159675e+00
-1.537991353904739844e+00
-1.841593226785926074e+00
-1.486292776514085201e+00
-1.942166204761402781e+00
-1.378441445039879643e+00
-1.517406124893907915e+00
-1.561380948457602891e+00
-1.582433015087274741e+00
-1.595707391311159684e+00
-1.737462261622600757e+00
-1.549521817413960889e+00
-1.779505993759503912e+00
-1.490360814875810291e+00
-1.857593785103578421e+00
-1.393873771635003589e+00
-1.524035914652936752e+00
-1.570483422570732923e+00
-1.776114670764359804e+00
-1.517925531918180804e+00
-1.568097491779000485e+00
